0.692103
0.40298
0.283855
0.21898
0.178205
0.150216
0.129819
0.114295
0.102085
0.092231
0.0841111
0.0773048
0.0715173
0.0665357
0.0622028
0.0583996
0.0550346
0.0520362
0.0493476
0.0469231
0.0447257
0.0427249
0.0408954
0.0392161
0.0376693
0.0362398
0.0349149
0.0336834
0.0325359
0.0314639
0.0304604
0.0295188
0.0286337
0.0278002
0.0270138
0.0262707
0.0255673
0.0249007
0.0242679
0.0236665
0.0230941
0.0225488
0.0220287
0.021532
0.0210572
0.0206029
0.0201678
0.0197507
0.0193504
0.0189661
0.0185968
0.0182415
0.0178996
0.0175703
0.0172528
0.0169467
0.0166512
0.0163658
0.0160901
0.0158235
0.0155655
0.0153159
0.0150741
0.0148399
0.0146128
0.0143925
0.0141788
0.0139714
0.0137699
0.0135742
0.013384
0.013199
0.013019
0.0128439
0.0126735
0.0125075
0.0123458
0.0121882
0.0120346
0.0118848
0.0117387
0.0115962
0.011457
0.0113212
0.0111886
0.011059
0.0109324
0.0108086
0.0106877
0.0105694
0.0104537
0.0103405
0.0102297
0.0101213
0.0100151
0.00991119
0.00980938
0.00970964
0.00961191
0.00951612
0.00942223
0.00933017
0.00923989
0.00915134
0.00906448
0.00897924
0.0088956
0.0088135
0.0087329
0.00865376
0.00857604
0.00849971
0.00842472
0.00835104
0.00827865
0.00820749
0.00813755
0.00806879
0.00800119
0.0079347
0.00786931
0.007805
0.00774172
0.00767946
0.0076182
0.0075579
0.00749856
0.00744013
0.00738261
0.00732597
0.0072702
0.00721527
0.00716116
0.00710786
0.00705534
0.0070036
0.00695261
0.00690235
0.00685282
0.00680399
0.00675586
0.0067084
0.0066616
0.00661545
0.00656993
0.00652504
0.00648076
0.00643707
0.00639397
0.00635144
0.00630948
0.00626806
0.00622719
0.00618684
0.00614702
0.0061077
0.00606889
0.00603056
0.00599272
0.00595534
0.00591843
0.00588198
0.00584597
0.0058104
0.00577526
0.00574054
0.00570624
0.00567234
0.00563885
0.00560575
0.00557303
0.00554069
0.00550873
0.00547714
0.0054459
0.00541502
0.00538449
0.00535429
0.00532444
0.00529492
0.00526572
0.00523684
0.00520828
0.00518003
0.00515208
0.00512443
0.00509708
0.00507002
0.00504324
0.00501675
0.00499053
0.00496459
0.00493891
0.0049135
0.00488834
0.00486345
0.0048388
0.00481441
0.00479026
0.00476635
0.00474268
0.00471924
0.00469603
0.00467305
0.00465029
0.00462776
0.00460544
0.00458333
0.00456144
0.00453975
0.00451827
0.004497
0.00447592
0.00445504
0.00443435
0.00441385
0.00439355
0.00437342
0.00435349
0.00433373
0.00431415
0.00429475
0.00427552
0.00425646
0.00423757
0.00421885
0.00420029
0.0041819
0.00416367
0.00414559
0.00412767
0.00410991
0.00409229
0.00407483
0.00405752
0.00404035
0.00402333
0.00400645
0.00398971
0.00397311
0.00395665
0.00394032
0.00392413
0.00390807
0.00389214
0.00387634
0.00386067
0.00384512
0.0038297
0.00381441
0.00379923
0.00378417
0.00376924
0.00375442
0.00373971
0.00372513
0.00371065
0.00369629
0.00368204
0.00366789
0.00365386
0.00363993
0.00362611
0.00361239
0.00359878
0.00358527
0.00357186
0.00355855
0.00354533
0.00353222
0.0035192
0.00350628
0.00349345
0.00348072
0.00346808
0.00345553
0.00344307
0.0034307
0.00341842
0.00340623
0.00339412
0.0033821
0.00337016
0.00335831
0.00334654
0.00333485
0.00332325
0.00331172
0.00330028
0.00328891
0.00327762
0.00326641
0.00325528
0.00324422
0.00323323
0.00322232
0.00321149
0.00320072
0.00319003
0.00317941
0.00316886
0.00315838
0.00314797
0.00313762
0.00312735
0.00311714
0.003107
0.00309692
0.00308691
0.00307696
0.00306708
0.00305726
0.0030475
0.00303781
0.00302818
0.0030186
0.00300909
0.00299964
0.00299025
0.00298091
0.00297164
0.00296242
0.00295325
0.00294415
0.0029351
0.00292611
0.00291717
0.00290828
0.00289945
0.00289068
0.00288195
0.00287328
0.00286466
0.00285609
0.00284758
0.00283911
0.00283069
0.00282233
0.00281401
0.00280574
0.00279752
0.00278935
0.00278123
0.00277315
0.00276512
0.00275714
0.0027492
0.00274131
0.00273346
0.00272566
0.0027179
0.00271019
0.00270252
0.00269489
0.00268731
0.00267977
0.00267227
0.00266481
0.00265739
0.00265002
0.00264269
0.00263539
0.00262814
0.00262093
0.00261375
0.00260662
0.00259952
0.00259246
0.00258545
0.00257846
0.00257152
0.00256461
0.00255775
0.00255091
0.00254412
0.00253736
0.00253063
0.00252394
0.00251729
0.00251067
0.00250409
0.00249754
0.00249102
0.00248454
0.0024781
0.00247168
0.0024653
0.00245895
0.00245264
0.00244635
0.0024401
0.00243388
0.0024277
0.00242154
0.00241541
0.00240932
0.00240326
0.00239722
0.00239122
0.00238525
0.0023793
0.00237339
0.00236751
0.00236165
0.00235583
0.00235003
0.00234426
0.00233852
0.00233281
0.00232712
0.00232146
0.00231583
0.00231023
0.00230466
0.00229911
0.00229358
0.00228809
0.00228262
0.00227718
0.00227176
0.00226637
0.002261
0.00225566
0.00225034
0.00224505
0.00223979
0.00223455
0.00222933
0.00222414
0.00221897
0.00221383
0.00220871
0.00220361
0.00219854
0.00219349
0.00218846
0.00218345
0.00217847
0.00217351
0.00216858
0.00216367
0.00215877
0.0021539
0.00214906
0.00214423
0.00213943
0.00213465
0.00212988
0.00212514
0.00212043
0.00211573
0.00211105
0.00210639
0.00210176
0.00209714
0.00209255
0.00208797
0.00208342
0.00207888
0.00207436
0.00206987
0.00206539
0.00206093
0.0020565
0.00205208
0.00204768
0.00204329
0.00203893
0.00203459
0.00203026
0.00202595
0.00202166
0.00201739
0.00201314
0.00200891
0.00200469
0.00200049
0.00199631
0.00199214
0.00198799
0.00198386
0.00197975
0.00197566
0.00197158
0.00196751
0.00196347
0.00195944
0.00195543
0.00195143
0.00194745
0.00194349
0.00193954
0.00193561
0.00193169
0.00192779
0.00192391
0.00192004
0.00191619
0.00191235
0.00190853
0.00190472
0.00190093
0.00189716
0.00189339
0.00188965
0.00188592
0.0018822
0.0018785
0.00187481
0.00187113
0.00186747
0.00186383
0.0018602
0.00185658
0.00185298
0.00184939
0.00184582
0.00184226
0.00183871
0.00183517
0.00183165
0.00182815
0.00182465
0.00182117
0.00181771
0.00181425
0.00181081
0.00180739
0.00180397
0.00180057
0.00179718
0.00179381
0.00179044
0.00178709
0.00178375
0.00178043
0.00177712
0.00177381
0.00177053
0.00176725
0.00176398
0.00176073
0.00175749
0.00175426
0.00175105
0.00174784
0.00174465
0.00174147
0.0017383
0.00173514
0.00173199
0.00172885
0.00172573
0.00172262
0.00171952
0.00171642
0.00171335
0.00171028
0.00170722
0.00170417
0.00170114
0.00169811
0.0016951
0.00169209
0.0016891
0.00168612
0.00168315
0.00168018
0.00167723
0.00167429
0.00167136
0.00166844
0.00166553
0.00166263
0.00165974
0.00165686
0.00165399
0.00165113
0.00164828
0.00164544
0.00164261
0.00163979
0.00163698
0.00163418
0.00163139
0.00162861
0.00162583
0.00162307
0.00162032
0.00161757
0.00161484
0.00161211
0.00160939
0.00160668
0.00160399
0.0016013
0.00159861
0.00159594
0.00159328
0.00159063
0.00158798
0.00158535
0.00158272
0.0015801
0.00157749
0.00157489
0.00157229
0.00156971
0.00156713
0.00156457
0.00156201
0.00155946
0.00155691
0.00155438
0.00155185
0.00154933
0.00154683
0.00154432
0.00154183
0.00153934
0.00153687
0.0015344
0.00153194
0.00152948
0.00152704
0.0015246
0.00152217
0.00151975
0.00151733
0.00151492
0.00151252
0.00151013
0.00150775
0.00150537
0.001503
0.00150064
0.00149829
0.00149594
0.0014936
0.00149127
0.00148894
0.00148662
0.00148431
0.00148201
0.00147971
0.00147742
0.00147514
0.00147287
0.0014706
0.00146834
0.00146608
0.00146383
0.00146159
0.00145936
0.00145713
0.00145491
0.0014527
0.00145049
0.00144829
0.0014461
0.00144391
0.00144173
0.00143956
0.00143739
0.00143523
0.00143308
0.00143093
0.00142879
0.00142666
0.00142453
0.00142241
0.00142029
0.00141818
0.00141608
0.00141398
0.00141189
0.00140981
0.00140773
0.00140566
0.00140359
0.00140153
0.00139948
0.00139743
0.00139539
0.00139335
0.00139132
0.0013893
0.00138728
0.00138526
0.00138326
0.00138126
0.00137926
0.00137727
0.00137529
0.00137331
0.00137134
0.00136937
0.00136741
0.00136546
0.00136351
0.00136156
0.00135962
0.00135769
0.00135576
0.00135384
0.00135192
0.00135001
0.00134811
0.00134621
0.00134431
0.00134242
0.00134054
0.00133866
0.00133678
0.00133492
0.00133305
0.00133119
0.00132934
0.00132749
0.00132565
0.00132381
0.00132198
0.00132015
0.00131833
0.00131651
0.0013147
0.00131289
0.00131109
0.00130929
0.0013075
0.00130571
0.00130393
0.00130215
0.00130038
0.00129861
0.00129685
0.00129509
0.00129333
0.00129158
0.00128984
0.0012881
0.00128636
0.00128463
0.00128291
0.00128119
0.00127947
0.00127776
0.00127605
0.00127435
0.00127265
0.00127096
0.00126927
0.00126758
0.0012659
0.00126422
0.00126255
0.00126089
0.00125922
0.00125757
0.00125591
0.00125426
0.00125262
0.00125098
0.00124934
0.00124771
0.00124608
0.00124445
0.00124283
0.00124122
0.00123961
0.001238
0.0012364
0.0012348
0.0012332
0.00123161
0.00123003
0.00122845
0.00122687
0.00122529
0.00122372
0.00122216
0.00122059
0.00121904
0.00121748
0.00121593
0.00121439
0.00121284
0.0012113
0.00120977
0.00120824
0.00120671
0.00120519
0.00120367
0.00120216
0.00120064
0.00119914
0.00119763
0.00119613
0.00119464
0.00119314
0.00119165
0.00119017
0.00118869
0.00118721
0.00118574
0.00118426
0.0011828
0.00118133
0.00117988
0.00117842
0.00117697
0.00117552
0.00117407
0.00117263
0.00117119
0.00116976
0.00116833
0.0011669
0.00116547
0.00116405
0.00116264
0.00116122
0.00115981
0.00115841
0.001157
0.0011556
0.00115421
0.00115281
0.00115142
0.00115004
0.00114865
0.00114727
0.0011459
0.00114452
0.00114315
0.00114178
0.00114042
0.00113906
0.0011377
0.00113635
0.001135
0.00113365
0.00113231
0.00113097
0.00112963
0.00112829
0.00112696
0.00112563
0.00112431
0.00112299
0.00112167
0.00112035
0.00111904
0.00111773
0.00111642
0.00111512
0.00111382
0.00111252
0.00111123
0.00110993
0.00110865
0.00110736
0.00110608
0.0011048
0.00110352
0.00110225
0.00110098
0.00109971
0.00109844
0.00109718
0.00109592
0.00109467
0.00109341
0.00109216
0.00109091
0.00108967
0.00108843
0.00108719
0.00108595
0.00108472
0.00108349
0.00108226
0.00108103
0.00107981
0.00107859
0.00107738
0.00107616
0.00107495
0.00107374
0.00107254
0.00107133
0.00107013
0.00106893
0.00106774
0.00106655
0.00106536
0.00106417
0.00106298
0.0010618
0.00106062
0.00105945
0.00105827
0.0010571
0.00105593
0.00105477
0.0010536
0.00105244
0.00105128
0.00105013
0.00104897
0.00104782
0.00104667
0.00104553
0.00104438
0.00104324
0.0010421
0.00104097
0.00103983
0.0010387
0.00103757
0.00103645
0.00103532
0.0010342
0.00103308
0.00103197
0.00103085
0.00102974
0.00102863
0.00102753
0.00102642
0.00102532
0.00102422
0.00102312
0.00102203
0.00102094
0.00101984
0.00101876
0.00101767
0.00101659
0.00101551
0.00101443
0.00101335
0.00101228
0.00101121
0.00101014
0.00100907
0.001008
0.00100694
0.00100588
0.00100482
0.00100376
0.00100271
0.00100166
0.00100061
0.000999562
0.000998517
0.000997474
0.000996433
0.000995394
0.000994358
0.000993324
0.000992291
0.000991261
0.000990233
0.000989208
0.000988184
0.000987162
0.000986143
0.000985126
0.00098411
0.000983097
0.000982086
0.000981077
0.00098007
0.000979066
0.000978063
0.000977062
0.000976063
0.000975067
0.000974072
0.000973079
0.000972089
0.0009711
0.000970114
0.000969129
0.000968147
0.000967166
0.000966188
0.000965211
0.000964236
0.000963264
0.000962293
0.000961324
0.000960358
0.000959393
0.00095843
0.000957469
0.00095651
0.000955553
0.000954597
